        "years"      "eryears"     "ecoswall"      "errecow"
       2002.462          0.096         0.0058         0.0041
       2005.611          0.411         0.0063         0.0077
       2017.493          0.104         0.0103         0.0068
       2020.444          0.038         0.0138         0.0012
       2022.473          0.027         0.0127         0.0016
       2024.458          0.027         0.0133         0.0014
       2013.937          0.182         0.0115         0.0081
                                                            
                                                            
